11057
34249
7053
36687
35820
12596
10184
40627
3399
7476
55330
40466
33214
59810
49653
7488
28299
32814
5539
27791
52726
22039
14628
52426
7755
48987
5727
15666
12320
15756
36246
63385
18571
33116
65056
62006
28686
7526
7180
28224
47655
20193
48908
36965
5530
28220
8557
48802
48941
31237
15427
27817
51571
12938
56227
42591
45418
39014
27079
63029
39561
35831
48555
52372
21066
17332
55432
50492
31996
21511
2155
43269
30897
55446
27778
54413
22675
48428
7387
24860
28762
14387
62029
37500
58925
53680
1914
19805
42452
9392
59552
50163
27834
15847
6194
52265
57164
44406
6553
2713
10131
13203
54557
256
20382
17428
36544
15713
49490
23683
14794
8598
18029
32520
557
43254
55169
49846
65528
64621
7467
17360
11837
48077
60603
19624
41440
30401
18025
3580
17591
38879
34838
60554
57746
55801
4551
19764
25952
33355
33270
59777
58357
60159
52314
24673
9029
12128
42909
47666
22877
61455
25200
34922
1871
30681
61459
49217
49392
64505
36081
18751
34276
6721
30276
54398
36647
4066
57825
5140
3233
51662
19818
64486
58159
59117
54443
49684
42104
61991
3612
52664
33289
35196
53307
23271
9142
17895
43945
2881
396
6093
6691
57042
4807
25556
47738
43559
26822
38453
6968
20560
13748
40197
53695
6724
3667
59207
65394
1384
9140
11413
7071
57448
10398
35467
23546
23838
30022
65408
30866
46994
22324
10418
44967
20938
55478
33228
54211
19061
26517
28765
8041
1324
52228
50217
26507
16210
47908
18652
50509
20354
53884
45981
47717
49284
65328
60047
17959
36623
48019
2794
3574
58442
23342
65213
9995
29115
63428
7109
54011
22175
54433
33552
35098
14027
1919
35854
30268
28731
27457
53007
34647
62172
51057
43412
33770
30209
23405
50239
28548
46221
48314
1321
45029
5248
2027
58310
29753
1183
35525
39938
51938
19259
18308
48825
17334
8289
27618
62631
3449
58355
13834
63602
9255
31153
56543
15096
27517
16921
13256
56463
54099
31734
43819
38144
54064
53017
29043
23683
27891
20944
15453
41132
21821
34891
16915
8916
2087
27490
13573
18571
13175
15242
28553
19564
37322
53621
40002
58417
48602
53209
63906
17052
42643
58852
14453
59128
46662
36770
64206
8883
54605
3576
10501
13851
44263
51792
59652
6739
48782
59318
45088
40306
26707
19320
3168
8666
64698
5955
46806
49236
62918
5563
53363
34949
39992
28121
54541
21084
28428
34839
34928
55352
12584
10239
36379
23056
56565
37982
22942
45310
17664
17643
535
48570
56944
62967
17070
24238
60378
34128
35613
24803
58793
26673
41461
5460
52835
29692
40217
42813
60855
46015
12193
62271
55976
63237
50664
18430
33991
2858
7259
8662
6972
19561
56007
64234
59342
38478
59390
45206
59762
350
14184
44687
46629
15674
36689
4060
52386
26559
29245
42357
29864
47866
58088
25440
56756
18762
4267
3654
45353
49440
13464
15994
29544
7325
38218
26928
6243
32039
3117
48796
12580
52269
47462
21244
14772
8435
16195
25245
20260
13211
49760
7337
1347
10257
39795
28606
6250
54313
43683
60542
19049
62325
19774
12163
10189
58677
17735
998
40314
64993
20824
54214
58090
53741
39593
11137
5439
23339
35145
22691
3829
27068
31609
13641
16844
27914
32646
20011
8351
34054
44823
64177
38770
47157
33386
3563
5516
42056
12601
15125
18949
36064
32961
33466
15120
7090
43570
17645
15802
50673
64971
21357
17211
45492
44121
25238
17470
14973
34271
62283
28244
13118
18533
39328
21989
40282
18456
54636
23641
25745
14777
27123
55295
28385
56509
49761
20267
57825
17147
57412
19131
21804
52037
6602
17258
63279
21109
32158
59945
42848
5668
39858
19249
13085
44295
11268
59191
14552
60879
12259
825
31898
44489
46697
57026
31049
44958
903
53270
49063
40835
133
7705
53031
32881
16319
52867
55716
54445
35140
5511
43485
9802
36363
1792
18894
27041
39123
4805
10677
16200
39347
33336
20209
3101
55700
65120
25467
38809
49020
20715
34667
47699
365
24704
13861
11121
10084
30541
56581
43803
40766
25243
24867
21764
38456
61738
33358
30726
5758
56564
2586
49688
24359
45349
2907
12645
20804
49153
10536
4021
65465
37626
14395
15245
46899
21265
25334
22010
6860
46477
56182
46042
34328
53957
45112
33062
47472
38697
25435
41799
48951
62276
53856
4189
62160
39755
61700
29593
31363
43833
64927
46513
24194
22218
37955
62323
38737
30200
20613
24188
65253
7234
14328
46288
28729
60516
43468
24086
41834
51210
1644
47290
28206
11635
11559
53350
7406
47147
37297
10816
5394
4195
20514
52465
132
12813
55358
25073
27202
33797
39018
44623
8021
13534
21025
35447
25568
53160
19720
34095
19572
56548
36762
1542
26073
41869
15463
51548
33739
2358
38389
9147
45039
2046
24889
32359
1915
60059
5094
52011
1604
17228
41090
19674
37732
32641
47819
33707
52264
49265
4964
33842
22688
50768
34460
42027
16176
55569
20354
38127
3361
40073
33375
34706
32469
9985
59648
21882
64978
54893
41831
22784
37660
43704
63863
20414
48088
6193
43464
27249
45837
42281
53109
26796
45021
24294
37043
3982
41461
31999
2644
28157
39038
62627
64942
42426
6335
26684
20091
31221
47944
49304
18899
51612
54999
56489
28252
43009
23003
33046
13456
47552
9320
64154
23748
18528
53021
33461
2972
36096
17904
16124
32072
39997
37534
54563
6147
13022
40807
51885
61416
9968
17036
54086
27792
11003
2954
30349
17720
52279
48856
4532
50682
32845
14840
48331
41113
18097
21112
27583
2436
56268
48437
14694
44646
64746
57815
62593
4882
29104
53198
9436
64530
57013
6117
1710
61391
9079
48664
46459
12443
49067
38245
35621
22245
28757
20573
50396
23509
38670
14412
54130
11770
46270
34662
28787
4970
10348
43890
4805
11095
51499
31672
44340
23714
56241
37074
38161
13304
18257
13810
61386
29232
63115
49946
20815
59378
40039
58655
7131
19901
64602
23904
22815
60382
38446
60913
58948
31956
46338
29204
62789
57922
18402
60464
46941
12655
15961
40105
62387
46114
64315
58839
58288
44623
38675
58239
51492
48178
24875
40368
49826
10192
17752
45573
44410
42073
23819
10585
50182
61943
5739
3357
51036
18801
37960
44299
9881
23764
30742
34366
53460
50561
25569
26009
23254
61581
38835
56293
23514
54489
64561
63337
28334
53914
17938
43064
784
9928
10977
20336
6152
65039
39573
63752
